0 0.00166575
1 -0.00166575
2 0.00166575
3 -0.00166575
4 0.00166575
5 -0.00166575
6 0.00166575
7 -0.00166575
8 0.00166575
9 -0.00166575
10 0.00166575
11 -0.00166575
12 0.00166575
13 -0.00166575
14 0.00166575
15 -0.00166575
16 0.00166575
17 -0.00166575
18 0.00166575
19 -0.00166575
20 0.00166575
21 -0.00166575
22 0.00166575
23 -0.00166575
24 0.00166575
25 -0.00166575
26 0.00166575
27 -0.00166575
28 0.00166575
29 -0.00166575
30 0.00166575
31 -0.00166575
32 0.00166575
33 -0.00166575
34 0.00166575
35 -0.00166575
36 0.00166575
37 -0.00166575
38 0.00166575
39 -0.00166575
40 0.00166575
41 -0.00166575
42 0.00166575
43 -0.00166575
44 0.00166575
45 -0.00166575
46 0.00166575
47 -0.00166575
48 0.00166575
49 -0.00166575
50 0.00166575
51 -0.00166575
52 0.00166575
53 -0.00166575
54 0.00166575
55 -0.00166575
56 0.00166575
57 -0.00166575
58 0.00166575
59 -0.00166575
60 0.00166575
61 -0.00166575
62 0.00166575
63 -0.00166575
64 0.00166575
65 -0.00166575
66 0.00166575
67 -0.00166575
68 0.00166575
69 -0.00166575
70 0.00166575
71 -0.00166575
72 0.00166575
73 -0.00166575
74 0.00166575
75 -0.00166575
76 0.00166575
77 -0.00166575
78 0.00166575
79 -0.00166575
80 0.00166575
81 -0.00166575
82 0.00166575
83 -0.00166575
84 0.00166575
85 -0.00166575
86 0.00166575
87 -0.00166575
88 0.00166575
89 -0.00166575
90 0.00166575
91 -0.00166575
92 0.00166575
93 -0.00166575
94 0.00166575
95 -0.00166575
96 0.00166575
97 -0.00166575
98 0.00166575
99 -0.00166575
100 0.00166575
101 -0.00166575
102 0.00166575
103 -0.00166575
104 0.00166575
105 -0.00166575
106 0.00166575
107 -0.00166575
108 0.00166575
109 -0.00166575
110 0.00166575
111 -0.00166575
112 0.00166575
113 -0.00166575
114 0.00166575
115 -0.00166575
116 0.00166575
117 -0.00166575
118 0.00166575
119 -0.00166575
120 0.00166575
121 -0.00166575
122 0.00166575
123 -0.00166575
124 0.00166575
125 -0.00166575
126 0.00166575
127 -0.00166575
128 0.00166575
129 -0.00166575
130 -0.00123369
131 -0.00113114
132 -0.0014017
133 -0.00194808
134 -0.00262975
135 -0.00336609
136 -0.0041784
137 -0.00515619
138 -0.00638882
139 -0.00791922
140 -0.00974821
141 -0.0118731
142 -0.0143211
143 -0.0171504
144 -0.0204234
145 -0.0241796
146 -0.0284304
147 -0.0331752
148 -0.03842
149 -0.0441798
150 -0.0504632
151 -0.057255
152 -0.0645111
153 -0.0721681
154 -0.0801566
155 -0.0884043
156 -0.0968288
157 -0.105327
158 -0.113775
159 -0.122036
160 -0.129973
161 -0.137456
162 -0.144362
163 -0.150563
164 -0.155939
165 -0.160374
166 -0.163776
167 -0.16608
168 -0.167244
169 -0.167247
170 -0.166085
171 -0.163776
172 -0.160366
173 -0.155927
174 -0.150555
175 -0.144356
176 -0.137447
177 -0.129949
178 -0.121995
179 -0.113719
180 -0.105258
181 -0.0967379
182 -0.0882719
183 -0.0799589
184 -0.0718863
185 -0.0641294
186 -0.0567483
187 -0.0497834
188 -0.0432543
189 -0.0371618
190 -0.0314921
191 -0.0262189
192 -0.0213024
193 -0.0166872
194 -0.0123018
195 -0.0080617
196 -0.0038731
197 0.000364666
198 0.00475988
199 0.00943018
200 0.0145024
201 0.0217145
202 0.0316267
203 0.0448338
204 0.0617944
205 0.0828977
206 0.108069
207 0.137126
208 0.169039
209 0.202774
210 0.236358
211 0.267938
212 0.29533
213 0.316354
214 0.329688
215 0.333882
216 0.32885
217 0.315086
218 0.293377
219 0.265853
220 0.234403
221 0.200841
222 0.167596
223 0.136222
224 0.10754
225 0.0826473
226 0.062082
227 0.0453762
228 0.0320788
229 0.0220987
230 0.0150558
231 0.0101174
232 0.0065161
233 0.00387803
234 0.00207692
235 0.000987769
236 0.000415499
237 0.000154727
238 5.11682e-05
239 1.5085e-05
240 3.98001e-06
241 9.4314e-07
242 2.01372e-07
243 3.88448e-08
244 6.78523e-09
245 1.07521e-09
246 1.54792e-10
247 2.02666e-11
248 2.41483e-12
249 2.61943e-13
250 2.58655e-14
251 2.32411e-15
252 1.89877e-16
253 1.40883e-17
254 9.478e-19
255 5.76951e-20
256 3.16946e-21
257 1.56619e-22
258 6.93406e-24
259 2.73713e-25
260 9.57583e-27
261 2.94739e-28
262 7.90858e-30
263 1.82866e-31
264 3.58961e-33
265 5.86432e-35
266 7.7575e-37
267 7.98234e-39
268 5.99375e-41
269 2.9211e-43
270 6.93415e-46
271 0
272 0
273 0
274 0
275 0
276 0
277 0
278 0
279 0
280 0
281 0
282 0
283 0
284 0
285 0
286 0
287 0
288 0
289 0
290 0
291 0
292 0
293 0
294 0
295 0
296 0
297 0
298 0
299 0
300 0
301 0
302 0
303 0
304 0
305 0
306 0
307 0
308 0
309 0
310 0
311 0
312 0
313 0
314 0
315 0
316 0
317 0
318 0
319 0
320 0
321 0
322 0
323 0
324 0
325 0
326 0
327 0
328 0
329 0
330 0
331 0
332 0
333 0
334 0
335 0
336 0
337 0
338 0
339 0
340 0
341 0
342 0
343 0
344 0
345 0
346 0
347 0
348 0
349 0
350 0
351 0
352 0
353 0
354 0
355 0
356 0
357 0
358 0
359 0
360 0
361 0
362 0
363 0
364 0
365 0
366 0
367 0
368 0
369 0
370 0
371 0
372 0
373 0
374 0
375 0
376 0
377 0
378 0
379 0
380 0
381 0
382 0
383 0
384 0
385 0
386 0
387 0
388 0
389 0
390 0
391 0
392 0
393 0
394 0
395 0
396 0
397 0
398 0
399 0
