0 0.0213501
1 0.0142002
2 0.0143653
3 0.00842887
4 0.00963414
5 0.00458065
6 0.00652835
7 0.00209336
8 0.00455165
9 0.000534419
10 0.0033315
11 -0.000413352
12 0.00260084
13 -0.000972413
14 0.00217627
15 -0.00129245
16 0.00193683
17 -0.00147027
18 0.00180574
19 -0.0015662
20 0.00173606
21 -0.00161644
22 0.00170009
23 -0.001642
24 0.00168206
25 -0.00165462
26 0.00167329
27 -0.00166068
28 0.00166914
29 -0.0016635
30 0.00166723
31 -0.00166478
32 0.00166638
33 -0.00166534
34 0.00166601
35 -0.00166559
36 0.00166586
37 -0.00166569
38 0.00166579
39 -0.00166573
40 0.00166577
41 -0.00166574
42 0.00166576
43 -0.00166575
44 0.00166575
45 -0.00166575
46 0.00166575
47 -0.00166575
48 0.00166575
49 -0.00166575
50 0.00166575
51 -0.00166575
52 0.00166575
53 -0.00166575
54 0.00166575
55 -0.00166575
56 0.00166575
57 -0.00166575
58 0.00166576
59 -0.00166574
60 0.00166577
61 -0.00166573
62 0.00166579
63 -0.00166569
64 0.00166586
65 -0.00166559
66 0.00166601
67 -0.00166534
68 0.00166638
69 -0.00166478
70 0.00166723
71 -0.0016635
72 0.00166914
73 -0.00166068
74 0.00167329
75 -0.00165462
76 0.00168206
77 -0.001642
78 0.00170009
79 -0.00161644
80 0.00173606
81 -0.0015662
82 0.00180574
83 -0.00147027
84 0.00193683
85 -0.00129245
86 0.00217627
87 -0.000972413
88 0.00260084
89 -0.000413352
90 0.0033315
91 0.000534419
92 0.00455165
93 0.00209336
94 0.00652835
95 0.00458065
96 0.00963414
97 0.00842887
98 0.0143653
99 0.0142002
100 0.0213501
101 0.0225868
102 0.0313394
103 0.0343891
104 0.0451704
105 0.0504641
106 0.0636977
107 0.0716376
108 0.087688
109 0.0985825
110 0.117683
111 0.13167
112 0.153842
113 0.17081
114 0.195794
115 0.215318
116 0.242515
117 0.263821
118 0.29228
119 0.31425
120 0.342705
121 0.363943
122 0.390897
123 0.409841
124 0.433707
125 0.44879
126 0.468065
127 0.477894
128 0.491339
129 0.494868
130 0.501666
131 0.498334
132 0.4982
133 0.488008
134 0.481226
135 0.464734
136 0.452122
137 0.430375
138 0.413172
139 0.387565
140 0.367274
141 0.339374
142 0.317582
143 0.288949
144 0.267152
145 0.239184
146 0.21865
147 0.192463
148 0.174142
149 0.150511
150 0.135001
151 0.114351
152 0.101914
153 0.0843565
154 0.0749691
155 0.0603662
156 0.0537956
157 0.0418389
158 0.0377206
159 0.0280079
160 0.0259183
161 0.0180186
162 0.0175317
163 0.0110338
164 0.0117604
165 0.00630264
166 0.00791215
167 0.00319684
168 0.00542486
169 0.00122015
170 0.00386592
171 0
172 0
173 0
174 0
175 0
176 0
177 0
178 0
179 0
180 0
181 0
182 0
183 0
184 0
185 0
186 0
187 0
188 0
189 0
190 0
191 0
192 0
193 0
194 0
195 0
196 0
197 0
198 0
199 0
200 0
201 0
202 0
203 0
204 0
205 0
206 0
207 0
208 0
209 0
210 0
211 0
212 0
213 0
214 0
215 0
216 0
217 0
218 0
219 0
220 0
221 0
222 0
223 0
224 0
225 0
226 0
227 0
228 0
229 0
230 0
231 0
232 0
233 0
234 0
235 0
236 0
237 0
238 0
239 0
240 0
241 0
242 0
243 0
244 0
245 0
246 0
247 0
248 0
249 0
250 0
251 0
252 0
253 0
254 0
255 0
256 0
257 0
258 0
259 0
260 0
261 0
262 0
263 0
264 0
265 0
266 0
267 0
268 0
269 0
270 0
271 0
272 0
273 0
274 0
275 0
276 0
277 0
278 0
279 0
280 0
281 0
282 0
283 0
284 0
285 0
286 0
287 0
288 0
289 0
290 0
291 0
292 0
293 0
294 0
295 0
296 0
297 0
298 0
299 0
300 0
301 0
302 0
303 0
304 0
305 0
306 0
307 0
308 0
309 0
310 0
311 0
312 0
313 0
314 0
315 0
316 0
317 0
318 0
319 0
320 0
321 0
322 0
323 0
324 0
325 0
326 0
327 0
328 0
329 0
330 0
331 0
332 0
333 0
334 0
335 0
336 0
337 0
338 0
339 0
340 0
341 0
342 0
343 0
344 0
345 0
346 0
347 0
348 0
349 0
350 0
351 0
352 0
353 0
354 0
355 0
356 0
357 0
358 0
359 0
360 0
361 0
362 0
363 0
364 0
365 0
366 0
367 0
368 0
369 0
370 0
371 0
372 0
373 0
374 0
375 0
376 0
377 0
378 0
379 0
380 0
381 0
382 0
383 0
384 0
385 0
386 0
387 0
388 0
389 0
390 0
391 0
392 0
393 0
394 0
395 0
396 0
397 0
398 0
399 0
