0 -0.129973
1 -0.137456
2 -0.144362
3 -0.150564
4 -0.155939
5 -0.160374
6 -0.163776
7 -0.16608
8 -0.167245
9 -0.167248
10 -0.166087
11 -0.163778
12 -0.160369
13 -0.155932
14 -0.150562
15 -0.144367
16 -0.137463
17 -0.129973
18 -0.122029
19 -0.113768
20 -0.105328
21 -0.0968375
22 -0.0884118
23 -0.0801544
24 -0.0721574
25 -0.0645027
26 -0.0572588
27 -0.0504767
28 -0.0441894
29 -0.0384142
30 -0.0331579
31 -0.0284191
32 -0.0241883
33 -0.0204463
34 -0.0171644
35 -0.0143081
36 -0.0118415
37 -0.00972996
38 -0.00793968
39 -0.00643576
40 -0.00518198
41 -0.00414294
42 -0.00328713
43 -0.00258831
44 -0.00202414
45 -0.00157372
46 -0.00121652
47 -0.000933622
48 -0.000709828
49 -0.000534445
50 -0.000399725
51 -0.000298424
52 -0.00022265
53 -0.00016487
54 -0.000119797
55 -8.50844e-05
56 -6.00033e-05
57 -4.33226e-05
58 -3.23583e-05
59 -2.39716e-05
60 -1.6372e-05
61 -9.84639e-06
62 -5.6633e-06
63 -4.23584e-06
64 -4.32736e-06
65 -4.01435e-06
66 -2.37767e-06
67 -2.15203e-07
68 9.11373e-07
69 3.19503e-07
70 -1.08984e-06
71 -1.72509e-06
72 -8.63509e-07
73 6.81422e-07
74 1.4187e-06
75 6.77376e-07
76 -7.48955e-07
77 -1.42092e-06
78 -6.87425e-07
79 6.95608e-07
80 1.34978e-06
81 6.51067e-07
82 -6.74131e-07
83 -1.30075e-06
84 -6.27781e-07
85 6.4748e-07
86 1.25087e-06
87 6.03601e-07
88 -6.23873e-07
89 -1.20489e-06
90 -5.81399e-07
91 6.01395e-07
92 1.1615e-06
93 5.60434e-07
94 -5.80286e-07
95 -1.12068e-06
96 -5.40716e-07
97 5.60375e-07
98 1.08219e-06
99 5.22124e-07
100 -5.41578e-07
101 -1.04586e-06
102 -5.04574e-07
103 5.23809e-07
104 1.01151e-06
105 4.87986e-07
106 -5.06991e-07
107 -9.79009e-07
108 -4.72287e-07
109 4.91054e-07
110 9.48208e-07
111 4.57412e-07
112 -4.75935e-07
113 -9.18989e-07
114 -4.43301e-07
115 4.61575e-07
116 8.91241e-07
117 4.29901e-07
118 -4.47924e-07
119 -8.64861e-07
120 -4.17163e-07
121 4.34932e-07
122 8.39757e-07
123 4.05042e-07
124 -4.22557e-07
125 -8.15844e-07
126 -3.93496e-07
127 4.10757e-07
128 7.93046e-07
129 3.82489e-07
130 -3.99496e-07
131 -7.71289e-07
132 -3.71985e-07
133 3.88741e-07
134 7.5051e-07
135 3.61954e-07
136 -3.7846e-07
137 -7.30647e-07
138 -3.52365e-07
139 3.68624e-07
140 7.11645e-07
141 3.43192e-07
142 -3.59207e-07
143 -6.93452e-07
144 -3.3441e-07
145 3.50184e-07
146 6.76022e-07
147 3.25997e-07
148 -3.41532e-07
149 -6.59309e-07
150 -3.1793e-07
151 3.33231e-07
152 6.43274e-07
153 3.10191e-07
154 -3.25261e-07
155 -6.27879e-07
156 -3.02761e-07
157 3.17604e-07
158 6.13088e-07
159 2.95622e-07
160 -3.10242e-07
161 -5.98869e-07
162 -2.8876e-07
163 3.03161e-07
164 5.85191e-07
165 2.82159e-07
166 -2.96344e-07
167 -5.72026e-07
168 -2.75806e-07
169 2.8978e-07
170 5.59347e-07
171 2.69688e-07
172 -2.83454e-07
173 -5.4713e-07
174 -2.63793e-07
175 2.77355e-07
176 5.35351e-07
177 2.58109e-07
178 -2.71472e-07
179 -5.23989e-07
180 -2.52626e-07
181 2.65794e-07
182 5.13023e-07
183 2.47335e-07
184 -2.60311e-07
185 -5.02434e-07
186 -2.42226e-07
187 2.55014e-07
188 4.92205e-07
189 2.37291e-07
190 -2.49894e-07
191 -4.82318e-07
192 -2.32521e-07
193 2.44943e-07
194 4.72757e-07
195 2.27908e-07
196 -2.40154e-07
197 -4.63509e-07
198 -2.23446e-07
199 2.35518e-07
200 4.54558e-07
201 -1.14428e-06
202 1.84941e-06
203 -2.58187e-06
204 3.34735e-06
205 -4.14271e-06
206 4.95326e-06
207 -5.75006e-06
208 6.48753e-06
209 -7.10197e-06
210 7.5116e-06
211 -7.61907e-06
212 7.3175e-06
213 -6.50097e-06
214 5.08008e-06
215 -3.0027e-06
216 2.78561e-07
217 2.9948e-06
218 -6.60964e-06
219 1.02357e-05
220 -1.34261e-05
221 1.56503e-05
222 -1.63595e-05
223 1.50867e-05
224 -1.15732e-05
225 5.90181e-06
226 1.39552e-06
227 -9.29817e-06
228 1.637e-05
229 -2.09763e-05
230 2.16454e-05
231 -1.75233e-05
232 8.81442e-06
233 2.95114e-06
234 -1.49932e-05
235 2.38183e-05
236 -2.62039e-05
237 2.04202e-05
238 -7.28165e-06
239 -9.48992e-06
240 2.40158e-05
241 -3.01997e-05
242 2.43664e-05
243 -7.5459e-06
244 -1.39017e-05
245 3.02296e-05
246 -3.26202e-05
247 1.81868e-05
248 7.09164e-06
249 -2.99855e-05
250 3.65874e-05
251 -2.10268e-05
252 -9.01128e-06
253 3.48562e-05
254 -3.80085e-05
255 1.38627e-05
256 2.21147e-05
257 -4.29319e-05
258 3.02e-05
259 8.6023e-06
260 -4.20989e-05
261 3.95255e-05
262 1.07171e-07
263 -4.17318e-05
264 4.41103e-05
265 -4.90611e-07
266 -4.4629e-05
267 4.62544e-05
268 1.28617e-05
269 -4.12186e-05
270 6.30154e-05
271 8.43193e-05
272 6.12968e-05
273 0.00025628
274 0.000525752
275 0.000846392
276 0.00160697
277 0.00295092
278 0.00492567
279 0.00808147
280 0.0130575
281 0.0202044
282 0.0301047
283 0.0436514
284 0.0613751
285 0.0833514
286 0.109616
287 0.139931
288 0.173237
289 0.207812
290 0.241809
291 0.27328
292 0.299988
293 0.319748
294 0.33106
295 0.333315
296 0.326537
297 0.311249
298 0.288623
299 0.260516
300 0.229125
301 0.196512
302 0.164352
303 0.133965
304 0.106402
305 0.0824213
306 0.0623864
307 0.0462315
308 0.0335617
309 0.023828
310 0.0164812
311 0.0110479
312 0.00713888
313 0.00442595
314 0.00262352
315 0.0014834
316 0.000799052
317 0.000409858
318 0.000200208
319 9.3183e-05
320 4.13546e-05
321 1.75159e-05
322 7.0873e-06
323 2.74222e-06
324 1.01561e-06
325 3.6039e-07
326 1.22644e-07
327 4.00616e-08
328 1.25715e-08
329 3.79288e-09
330 1.10102e-09
331 3.07732e-10
332 8.2868e-11
333 2.15132e-11
334 5.38738e-12
335 1.30209e-12
336 3.03887e-13
337 6.85168e-14
338 1.4931e-14
339 3.14604e-15
340 6.41198e-16
341 1.26453e-16
342 2.41388e-17
343 4.46163e-18
344 7.98702e-19
345 1.38518e-19
346 2.32791e-20
347 3.79199e-21
348 5.98821e-22
349 9.16944e-23
350 1.3617e-23
351 1.96148e-24
352 2.74102e-25
353 3.71644e-26
354 4.88963e-27
355 6.24317e-28
356 7.73668e-29
357 9.30585e-30
358 1.08652e-30
359 1.23146e-31
360 1.35495e-32
361 1.44728e-33
362 1.50078e-34
363 1.51083e-35
364 1.47654e-36
365 1.40085e-37
366 1.29014e-38
367 1.15336e-39
368 1.0008e-40
369 8.42848e-42
370 6.88864e-43
371 5.46331e-44
372 4.20404e-45
373 3.13842e-46
374 2.27262e-47
375 1.59604e-48
376 1.0869e-49
377 7.17607e-51
378 4.59242e-52
379 2.84814e-53
380 1.71137e-54
381 9.96044e-56
382 5.61368e-57
383 3.06284e-58
384 1.61724e-59
385 8.26137e-61
386 4.08135e-62
387 1.94923e-63
388 8.99618e-65
389 4.0105e-66
390 1.72618e-67
391 7.16982e-69
392 2.87236e-70
393 1.10926e-71
394 4.12706e-73
395 1.47836e-74
396 5.0952e-76
397 1.68837e-77
398 5.38667e-79
399 5.64547e-80
